355754564
355754564
355751969
355754564
355755600
355755316
355754102
-107
355754504
355755376
355755123
355754016
355751969
355754564
355755600
355755316
355754102
-107
355754504
355755376
355755123
355754016
355751969
355754564
355755600
355755316
355754102
-107
355754504
355755376
355755123
355754016
355751969
355754564
355755600
355755316
355754102
-107
355754504
355755376
355755123
355754016
355751969
355754564
355755600
355751969
355754564
355755600
355755316
355754102
-107
355754504
355755376
355755123
355754016
355751969
355754564
355755600
355755316
355754102
-107
355754504
355755376
355755123
355754016
355751969
355754564
355755600
355755316
355754102
-107
355754504
355755376
355755123
355754016
355751969
355754564
355755600
355755316
355754102
-107
355754504
355755376
355755123
355754016
355751969
355754564
355755600
355755316
355754102
-107
355754504
355755376
355755123
355754016
355751969
355754564
355755600
355755316
355754102
-107
355754504
355755376
355755123
355754016
355751969
355754564
355755600
355755316
355754102
-107
355754504
355755376
355755123
355754016
355751969
355754564
355755600
355755316
355754102
-107
355754504
355755376
355755123
355754016
355751969
355754564
355755600
355755316
355754102
-107
355754504
355755376
355755123
355754016
355751969
355754564
355755600
355755316
355754102
-107
355754504
355755376
355755123
355754016
355751969
355754564
355755600
355755316
355754102
-107
355754504
355755376
355755123
355754016
355751969
355754564
355755600
355755316
355754102
-107
355754504
355755376
355755123
355754016
355751969
355754564
355755600
355755316
355754102
-107
355754504
355755376
355755123
355754016
355751969
355754564
355755600
355755316
355754102
-107
355754504
355755376
355755123
355754016
355751969
355754564
355755600
355755316
355754102
-107
355754504
355755376
355755123
355754016
355751969
355754564
355755600
355755316
355754102
-107
355754504
355755376
355755123
355754016
355751969
355754564
355755600
355755316
355754102
-107
355754504
355755376
355755123
355754016
355751969
355754564
355755600
355755316
355754102
-107
355754504
355755376
355755123
355754016
355751969
355754564
355755600
355755316
355754102
-107
355754504
355755376
355755123
355754016
355751969
355754564
355755600
355755316
